#strong user SNR = 10
#TX_antenna=1
#RX_antenna=1
#modulation_symbol=2
#MAX_BLERR=10
#iteration number=50
#EsNodB,BLER,BER
-5.0 1.0 0.1063974609375
-4.5 1.0 0.0983701171875
-4.0 1.0 0.0908828125
-3.5 1.0 0.082220703125
-3.0 1.0 0.0727822265625
-2.5 1.0 0.06234619140625
-2.0 0.9149130832570905 0.04612671903591034
-1.5 0.5589714924538849 0.02263179499720514
-1.0 0.14230823964707556 0.004764755029706845
-0.5 0.012791976872105815 0.00032533969694207795
0.0 0.0010130591778883923 1.0524341426765003e-05
0.5 0.000502 5.244140625e-07
