#strong user SNR=10
#TX_antenna=1
#RX_antenna=1
#modulation_symbol=2
#MAX_BLERR=10
#iteration number=50
#EsNodB,BLER,BER
-5.0 1.0 0.1064345703125
-4.5 1.0 0.09776171875
-4.0 1.0 0.090306640625
-3.5 1.0 0.0816103515625
-3.0 0.999000999000999 0.07261976304945054
-2.5 0.983284169124877 0.060958817293510326
-2.0 0.8613264427217916 0.044967296511627904
-1.5 0.5611672278338945 0.0248206895342312
-1.0 0.23849272597185786 0.009093233886835202
-0.5 0.06184674376894057 0.0019616410067103715
0.0 0.009616216787991268 0.000237221926056101
0.5 0.001519043488696038 2.185553488179563e-05
