#TX_antenna=1
#RX_antenna=1
#modulation_symbol=2
#MAX_BLERR=8
#iteration number=50
#EsNodB,BLER,BER
-5.0 1.0 0.21003079908657538
-4.5 1.0 0.1952386391812772
-4.0 1.0 0.17894226808452776
-3.5 0.9999680061428206 0.16112606379575123
-3.0 0.998944202713079 0.14063987214454823
-2.5 0.9777962631174815 0.11460961995296903
-2.0 0.8216022523675455 0.07693847781226004
-1.5 0.4522331712311236 0.03464534809316611
-1.0 0.13770156130023037 0.008705078624904019
-0.5 0.023131558740721783 0.0011783987474404914
0.0 0.0029434348605067826 9.485678749680061e-05
0.5 0.0007038648579472741 1.1997696442283081e-05
