#TX_antenna=1
#RX_antenna=1
#modulation_symbol=2
#MAX_BLERR=8
#iteration number=50
#EsNodB,BLER,BER
-5.0 1.0 0.20619862301688843
-4.5 1.0 0.1904356848132037
-4.0 1.0 0.173528634171891
-3.5 1.0 0.1554907151596085
-3.0 1.0 0.13560312480008957
-2.5 0.999808085977482 0.11292391008828045
-2.0 0.98253582395087 0.08452888106128455
-1.5 0.7425153531218014 0.04479630625479785
-1.0 0.23343142272262027 0.010144080451957523
-0.5 0.02482088024564995 0.0007779015001279426
0.0 0.0017911975435005118 1.8366771686284545e-05
0.5 0.0007036847492323439 1.874160376151484e-06
