#TX_antenna=1
#RX_antenna=1
#modulation_symbol=2
#MAX_BLERR=8
#iteration number=50
#EsNodB,BLER,BER
-5.0 1.0 0.21006226710433726
-4.5 1.0 0.1952941332283137
-4.0 1.0 0.17923395318897134
-3.5 1.0 0.16125463292444986
-3.0 1.0 0.14112027811540429
-2.5 0.9962256908904811 0.11602389629446008
-2.0 0.8816530194472876 0.07773317553735927
-1.5 0.40257164790174 0.02669753950230297
-1.0 0.05725435005117707 0.0029463050553352097
-0.5 0.0035823950870010235 0.0001398123640609007
0.0 0.0008316274309109519 2.4988805015353123e-06
0.5 0.0 0.0
