#TX_antenna=1
#RX_antenna=1
#modulation_symbol=2
#MAX_BLERR=8
#iteration number=50
#EsNodB,BLER,BER
-5.0 1.0 0.20631863682173024
-4.5 1.0 0.19031658421583056
-4.0 1.0 0.17371802113994114
-3.5 1.0 0.15523706948265933
-3.0 0.9999360122856411 0.1351326795255311
-2.5 0.9964166879959048 0.11205448553877656
-2.0 0.9423470693626823 0.08271336903314563
-1.5 0.6996096749424111 0.04673515185084464
-1.0 0.31792295879191196 0.01679914956328385
-0.5 0.08068850780650115 0.003399472301318147
0.0 0.012253647299718454 0.00039005011037880724
0.5 0.0016316867161504992 3.1244001151778855e-05
